instant0 = [0.697035
0.714501
0.726774
0.737253
0.692252
0.721031
0.701602
0.713782
0.743486
0.706418
0.705315
0.641995
0.646396
0.665966
0.726042
0.567933
0.494369
0.481834
0.482963
0.481855
0.506805
0.567915
0.626947
0.615494
0.653973
0.657421
0.731844
0.804190
0.778288
0.808076
0.819987
0.824156
0.814933
0.840753
0.818097
0.644718
0.541962
0.570177
0.500941
0.542749
0.552817
0.488124
0.459841
0.396821
0.272874
0.255855
0.203099
0.172258
0.290294
0.323676
0.366648
0.412836
0.560290
0.555472
0.556533
0.654784
0.718796
0.719719
0.774367
0.758550
0.721721
0.762771
0.745319
0.828419
0.829759
0.835746
0.834806
0.812125
0.807980
0.845371
0.847081
0.847637
0.849639
0.825119
0.850940
0.827415
0.726938
0.611278
0.576108
0.485431
0.376971
0.206357
0.290679
0.409381
0.475781
0.582243
0.574387
0.679482
0.690699
0.785801
0.791430
0.794809
0.809380
0.815745
0.841788
0.838107
0.826338
0.853539
0.858185
0.854521
0.856259
0.856985
0.861379
0.830679
0.862893
0.864013
0.854885
0.863455
0.865544
0.862335
0.864328
0.861468
0.850667
0.866351
0.867138
0.862483
0.863619
0.864860
0.855538
0.853640
0.862514
0.837252
0.856085
0.848409
0.869101
0.855117
0.813991
0.846040
0.840139
0.854405
0.865025
0.862792
0.838077
0.848927
0.867967
0.833595
0.611674
0.419222
0.381259
0.329481
0.317756
0.212594
0.072739
0.042227
0.087824
0.055224
0.055572
0.074438
0.081806
0.071564
0.069779
0.061221
0.081266
0.090608
0.094868
0.131661
0.170109
0.236798
0.294930
0.324256
0.444863
0.387204
0.394973
0.472943
0.564582
0.629463
0.694131
0.676565
0.713905
0.770452
0.743725
0.728744
0.732039
0.777785
0.812923
0.761430
0.825480
0.841348
0.842525
0.843581
0.828657
0.835577
0.838094
0.829030
0.787918
0.829098
0.824882
];
