overall0 = [0.697035
0.705768
0.712770
0.718891
0.713563
0.714808
0.712921
0.713029
0.716413
0.715413
0.714495
0.708454
0.703680
0.700986
0.702656
0.694236
0.682479
0.671332
0.661418
0.652440
0.645505
0.641978
0.641325
0.640248
0.640797
0.641437
0.644785
0.650478
0.654885
0.659992
0.665153
0.670122
0.674510
0.679399
0.683362
0.682289
0.678496
0.675646
0.671166
0.667956
0.665147
0.660933
0.656256
0.650360
0.641971
0.633577
0.624418
0.614998
0.608372
0.602678
0.598050
0.594488
0.593843
0.593132
0.592467
0.593580
0.595776
0.597913
0.600904
0.603531
0.605469
0.608006
0.610186
0.613596
0.616921
0.620237
0.623439
0.626214
0.628848
0.631941
0.634972
0.637925
0.640826
0.643316
0.646084
0.648470
0.649489
0.648999
0.648077
0.646044
0.642722
0.637400
0.633223
0.630558
0.628737
0.628197
0.627578
0.628168
0.628870
0.630614
0.632381
0.634147
0.636031
0.637943
0.640089
0.642151
0.644050
0.646188
0.648329
0.650391
0.652430
0.654435
0.656444
0.658120
0.660070
0.661994
0.663796
0.665645
0.667479
0.669251
0.671008
0.672709
0.674283
0.675968
0.677631
0.679224
0.680800
0.682360
0.683815
0.685230
0.686696
0.687930
0.689297
0.690580
0.692008
0.693303
0.694253
0.695439
0.696560
0.697775
0.699051
0.700292
0.701328
0.702429
0.703655
0.704611
0.703933
0.701869
0.699563
0.696919
0.694230
0.690839
0.686516
0.682042
0.677944
0.673679
0.669474
0.665453
0.661536
0.657603
0.653710
0.649812
0.646096
0.642489
0.638956
0.635704
0.632739
0.630233
0.628124
0.626225
0.625098
0.623630
0.622227
0.621317
0.620973
0.621024
0.621462
0.621790
0.622335
0.623206
0.623911
0.624521
0.625142
0.626019
0.627087
0.627851
0.628967
0.630160
0.631347
0.632526
0.633609
0.634719
0.635830
0.636880
0.637697
0.638726
0.639721
];
