velocity0 = [0.786502
0.805739
0.825851
0.839229
0.786386
0.819934
0.797519
0.815899
0.852342
0.804333
0.798908
0.726232
0.735014
0.754489
0.817688
0.653254
0.608887
0.633809
0.684961
0.693604
0.688325
0.738117
0.784019
0.745284
0.773448
0.766142
0.847763
0.927629
0.895497
0.927985
0.940909
0.945685
0.935997
0.965996
0.940024
0.744858
0.650672
0.659217
0.578705
0.626503
0.657258
0.586037
0.562519
0.478823
0.336825
0.318821
0.258350
0.216217
0.368555
0.426585
0.486265
0.522953
0.690646
0.671762
0.674700
0.789371
0.854293
0.847053
0.906620
0.880937
0.833892
0.881062
0.859682
0.953702
0.954466
0.960144
0.958906
0.930583
0.924737
0.966889
0.968348
0.968674
0.970613
0.942316
0.971282
0.943636
0.832562
0.714114
0.693850
0.601781
0.491702
0.253855
0.345547
0.482711
0.558022
0.668412
0.649630
0.767394
0.777129
0.882662
0.888417
0.891395
0.907447
0.914489
0.943653
0.939779
0.925621
0.956095
0.961435
0.957441
0.959699
0.960911
0.965932
0.930854
0.966934
0.968207
0.957710
0.967370
0.969649
0.965939
0.968334
0.965465
0.953477
0.970882
0.971664
0.966549
0.967861
0.969286
0.958908
0.956611
0.966231
0.936770
0.957185
0.948838
0.971861
0.956604
0.910621
0.946450
0.939439
0.956195
0.968112
0.965904
0.937254
0.949440
0.970532
0.931476
0.684472
0.494812
0.489049
0.397471
0.364867
0.258295
0.101231
0.076836
0.171178
0.128541
0.109020
0.141026
0.161840
0.170845
0.174724
0.167968
0.192986
0.218258
0.211169
0.253239
0.284037
0.354811
0.407275
0.418037
0.564901
0.492662
0.509245
0.609732
0.709044
0.775966
0.843768
0.802920
0.837637
0.900930
0.869698
0.847427
0.843687
0.893583
0.932318
0.870508
0.943949
0.962358
0.963753
0.964841
0.946959
0.954983
0.957767
0.947723
0.899245
0.946976
0.941888
];
