orientation0 = [0.996076
0.997836
0.991818
0.992836
0.997614
0.997299
0.996704
0.988483
0.981103
0.983652
0.984911
0.983662
0.978043
0.981245
0.985064
0.963118
0.900741
0.844301
0.786065
0.778463
0.827474
0.867799
0.904848
0.937039
0.962429
0.979003
0.986339
0.991591
0.994603
0.996770
0.998178
0.998932
0.998891
0.999459
0.999629
0.991556
0.950383
0.982256
0.978820
0.979562
0.953416
0.945278
0.927897
0.942602
0.925223
0.917460
0.898559
0.909298
0.898748
0.865414
0.858496
0.898677
0.926475
0.945150
0.942720
0.950649
0.967417
0.978407
0.985562
0.994791
0.998580
0.998061
0.996960
0.998023
0.998206
0.998740
0.998282
0.998860
0.999101
0.999332
0.999491
0.999548
0.999655
0.999567
0.999684
0.999348
0.990910
0.964606
0.931857
0.901613
0.856261
0.912170
0.943751
0.949109
0.953539
0.974649
0.988782
0.992775
0.995209
0.997313
0.997811
0.999318
0.999188
0.999101
0.999330
0.998956
0.999296
0.999593
0.999636
0.999903
0.999933
0.999859
0.999951
0.999890
0.999970
0.999994
0.999924
0.999945
0.999975
0.999968
0.999995
0.999960
0.999821
0.999922
0.999964
0.999908
0.999947
0.999978
0.999806
0.999591
0.999739
0.999926
0.999921
0.999791
0.999841
0.999970
0.999692
0.999767
0.999693
0.999539
0.999784
0.999768
0.999862
0.999812
0.999842
0.999624
0.989920
0.928678
0.848287
0.898086
0.946286
0.895105
0.782897
0.600566
0.563794
0.474556
0.565453
0.587876
0.565251
0.470348
0.450135
0.412919
0.479742
0.474807
0.515979
0.602152
0.699227
0.783988
0.854709
0.917086
0.930502
0.928985
0.915840
0.912511
0.934096
0.948498
0.958034
0.976481
0.983160
0.983108
0.980024
0.982674
0.990101
0.993726
0.995492
0.997328
0.997358
0.997094
0.996897
0.996765
0.997358
0.997440
0.997421
0.997510
0.998012
0.997651
0.998185
];
