cohesion0 = [0.889738
0.888687
0.887290
0.884827
0.882401
0.881757
0.882639
0.885033
0.889087
0.892862
0.896374
0.898692
0.899177
0.899542
0.901383
0.902682
0.901394
0.900414
0.896994
0.892415
0.889802
0.886623
0.883749
0.881342
0.878537
0.876498
0.875222
0.874283
0.873829
0.873608
0.873074
0.872422
0.871625
0.870818
0.870617
0.872930
0.876411
0.880554
0.884355
0.884391
0.882193
0.881142
0.880989
0.879207
0.875613
0.874703
0.874885
0.876156
0.876391
0.876761
0.878292
0.878438
0.875636
0.874875
0.874979
0.872563
0.869731
0.868425
0.866637
0.865580
0.866715
0.867423
0.869614
0.870356
0.870906
0.871537
0.872079
0.873701
0.874527
0.874904
0.875214
0.875444
0.875666
0.876008
0.876376
0.877409
0.881143
0.887404
0.891024
0.894683
0.895365
0.891164
0.891350
0.893562
0.894164
0.893741
0.894206
0.891885
0.893062
0.892661
0.892785
0.892255
0.892655
0.892826
0.892650
0.892745
0.893367
0.893098
0.892934
0.892591
0.892276
0.891971
0.891803
0.892481
0.892428
0.892390
0.892703
0.892630
0.892658
0.892772
0.892597
0.892318
0.892333
0.892403
0.892458
0.892414
0.892344
0.892284
0.892374
0.892724
0.892891
0.893830
0.894448
0.894343
0.894407
0.893937
0.894160
0.894118
0.894573
0.893958
0.893710
0.893455
0.894307
0.894303
0.894463
0.895255
0.902743
0.912300
0.919020
0.923011
0.920315
0.919517
0.917803
0.915085
0.910006
0.905317
0.901467
0.897869
0.894251
0.890580
0.887216
0.882686
0.877764
0.874340
0.870677
0.863418
0.856515
0.851278
0.847251
0.845792
0.846324
0.846024
0.846879
0.850025
0.852438
0.855246
0.858692
0.862926
0.866882
0.869868
0.872584
0.875111
0.876341
0.875907
0.875885
0.877040
0.876813
0.876805
0.876934
0.877158
0.877390
0.877212
0.877312
0.876943
0.877944
0.877583
0.877369
];
