velocity1 = [0.797693
0.823257
0.790694
0.864783
0.894342
0.846211
0.792407
0.835715
0.834948
0.814249
0.759786
0.740600
0.671235
0.677534
0.646145
0.631328
0.662445
0.695388
0.788705
0.901358
0.907622
0.908719
0.906186
0.885473
0.621229
0.321944
0.276748
0.256918
0.014062
0.011787
0.044579
0.030184
0.010166
0.000000
0.000000
0.000000
0.000000
0.000000
0.000000
0.000000
0.000000
0.000000
0.000000
0.022618
0.152711
0.189286
0.274184
0.331334
0.335736
0.473016
0.592310
0.688614
0.757586
0.770982
0.828259
0.867583
0.864519
0.902296
0.937883
0.907759
0.950605
0.898918
0.958132
0.946144
];
