orientation1 = [0.998733
0.997816
0.995315
0.993301
0.996615
0.999167
0.998307
0.993231
0.992640
0.989860
0.981778
0.984502
0.984068
0.973440
0.971189
0.966969
0.946426
0.964084
0.976309
0.984132
0.988396
0.991968
0.995259
0.997507
0.984087
0.899712
0.862767
0.828483
0.708227
0.582756
0.465059
0.280368
0.133065
0.195313
0.392016
0.466083
0.525252
0.504664
0.483865
0.455994
0.446346
0.416858
0.408408
0.511382
0.639617
0.740516
0.811717
0.845066
0.844659
0.882789
0.917329
0.944165
0.955698
0.968671
0.979039
0.986886
0.991154
0.994888
0.997027
0.998320
0.999004
0.999719
0.999825
0.999951
];
