instant0 = [0.701336
0.711744
0.713029
0.727723
0.728058
0.763313
0.743715
0.723008
0.707203
0.618200
0.660006
0.622216
0.593244
0.564662
0.654672
0.672779
0.678794
0.704055
0.653556
0.721157
0.667541
0.703994
0.774295
0.819634
0.631312
0.314377
0.317391
0.188593
0.072889
0.036610
0.001494
0.007931
0.020103
0.044936
0.076405
0.112444
0.162927
0.222840
0.244146
0.362445
0.397236
0.470316
0.502766
0.514192
0.469826
0.491746
0.537175
0.565071
0.602122
0.597452
0.599296
0.661740
0.697738
0.657884
0.607853
0.652322
0.681502
0.642406
0.733357
0.760978
0.784675
0.828483
0.778080
0.806902
];
