velocity0 = [0.786629
0.801134
0.809459
0.826216
0.824497
0.864052
0.844368
0.826342
0.807570
0.699415
0.748267
0.708539
0.680625
0.645979
0.757817
0.782496
0.782417
0.798927
0.724895
0.792174
0.728414
0.777823
0.864037
0.910904
0.712672
0.377322
0.412173
0.275188
0.121435
0.084838
0.005288
0.021670
0.049484
0.126619
0.173860
0.203108
0.257484
0.318106
0.320913
0.454158
0.485066
0.585461
0.640785
0.669939
0.611888
0.639601
0.696809
0.733445
0.771124
0.741860
0.721690
0.783061
0.817199
0.765719
0.694696
0.743550
0.772753
0.721161
0.821908
0.852773
0.880778
0.926946
0.868621
0.901332
];
