cohesion1 = [0.891820
0.889786
0.887581
0.884837
0.882768
0.881314
0.880933
0.882289
0.884184
0.886681
0.889622
0.891983
0.893323
0.894979
0.896925
0.899534
0.903350
0.906662
0.908553
0.909161
0.909108
0.908810
0.908617
0.908476
0.911468
0.915119
0.914750
0.911795
0.911686
0.911971
0.909767
0.908062
0.907631
0.901916
0.896675
0.892480
0.886949
0.880744
0.872922
0.868830
0.865735
0.865463
0.864234
0.864891
0.861843
0.859168
0.860839
0.864830
0.867788
0.870907
0.872139
0.872306
0.872383
0.873380
0.874329
0.874602
0.875280
0.875689
0.875568
0.876246
0.876411
0.877034
0.877146
0.877160
];
