cohesion0 = [0.892156
0.890633
0.888220
0.885440
0.884118
0.884127
0.885452
0.887816
0.890715
0.892787
0.894838
0.896077
0.897635
0.900712
0.905214
0.910443
0.914858
0.919919
0.920301
0.921617
0.920194
0.917247
0.913232
0.910167
0.910319
0.912035
0.909733
0.910754
0.905590
0.903411
0.898524
0.893719
0.890348
0.882717
0.874468
0.864739
0.857005
0.849702
0.845640
0.841527
0.841475
0.842039
0.842879
0.844180
0.846152
0.848608
0.852001
0.857189
0.863288
0.869631
0.876349
0.883305
0.890235
0.895192
0.897677
0.899692
0.901115
0.900706
0.900988
0.901151
0.900598
0.900843
0.901544
0.901176
];
