overall0 = [0.701336
0.706540
0.708703
0.713458
0.716378
0.724200
0.726988
0.726491
0.724348
0.713733
0.708849
0.701629
0.693292
0.684104
0.682142
0.681557
0.681394
0.682653
0.681122
0.683123
0.682381
0.683364
0.687317
0.692831
0.690370
0.675909
0.662630
0.645700
0.625948
0.606304
0.586794
0.568704
0.552080
0.537164
0.523999
0.512567
0.503118
0.495742
0.489291
0.486119
0.483952
0.483627
0.484072
0.484756
0.484425
0.484584
0.485703
0.487356
0.489698
0.491854
0.493960
0.497187
0.500971
0.503877
0.505767
0.508384
0.511421
0.513680
0.517403
0.521463
0.525777
0.530660
0.534587
0.538842
];
