orientation0 = [0.999345
0.997515
0.991726
0.994748
0.998773
0.999190
0.994740
0.985508
0.983162
0.990026
0.985705
0.980014
0.971015
0.970474
0.954351
0.944359
0.948301
0.957965
0.979666
0.987776
0.995911
0.986739
0.981280
0.988613
0.973107
0.913538
0.846451
0.752480
0.662802
0.477670
0.314431
0.409534
0.456279
0.402047
0.502549
0.640212
0.738346
0.824432
0.899657
0.948345
0.973209
0.954026
0.930869
0.909192
0.907437
0.905992
0.904820
0.898791
0.904491
0.926076
0.947574
0.956712
0.959091
0.959763
0.974729
0.975120
0.978692
0.988996
0.990315
0.990242
0.989219
0.992156
0.993589
0.993404
];
