instant1 = [0.710497
0.730923
0.698517
0.760066
0.786824
0.745157
0.696875
0.732351
0.732815
0.714658
0.663605
0.650365
0.590077
0.590273
0.562847
0.549142
0.566360
0.607837
0.699603
0.806476
0.815552
0.819220
0.819473
0.802426
0.557220
0.265070
0.218414
0.194077
0.009079
0.006264
0.018861
0.007685
0.001228
0.000000
0.000000
0.000000
0.000000
0.000000
0.000000
0.000000
0.000000
0.000000
0.000000
0.010004
0.084182
0.120429
0.191588
0.242151
0.246090
0.363668
0.473870
0.567143
0.631626
0.652264
0.708991
0.748840
0.750003
0.786091
0.818739
0.794084
0.832291
0.788160
0.840275
0.829879
];
