overall1 = [0.710497
0.720710
0.713312
0.725001
0.737365
0.738664
0.732694
0.732651
0.732669
0.730868
0.724753
0.718554
0.708672
0.700215
0.691057
0.682187
0.675374
0.671622
0.673094
0.679763
0.686230
0.692275
0.697805
0.702164
0.696366
0.679778
0.662691
0.645954
0.623993
0.603402
0.584546
0.566519
0.549389
0.533231
0.517995
0.503607
0.489996
0.477101
0.464868
0.453246
0.442191
0.431663
0.421624
0.412269
0.404978
0.398792
0.394384
0.391212
0.388251
0.387759
0.389447
0.392865
0.397370
0.402090
0.407670
0.413762
0.419661
0.425979
0.432636
0.438660
0.445113
0.450646
0.456831
0.462659
];
