orientation0 = [0.988223
0.992801
0.990360
0.993710
0.989009
0.996607
0.983465
0.996051
0.996226
0.997014
0.996671
0.985392
0.970421
0.982113
0.966024
0.930478
0.894967
0.857777
0.915393
0.954852
0.991853
0.993293
0.993000
0.992001
0.994507
0.991504
0.987126
0.990846
0.992923
0.994746
0.997700
0.999457
0.999698
0.999915
0.999963
0.999988
0.999974
0.999581
0.998924
0.996060
0.993132
0.997836
0.999455
0.999315
0.999789
0.999922
0.999465
0.999833
0.999891
0.999326
0.999446
0.999795
0.999823
0.999895
0.999919
0.999925
0.999928
0.999928
0.999708
0.999887
0.999931
0.999938
0.999985
0.999983
0.999790
0.999430
0.967359
0.900364
0.892657
0.887778
0.892838
0.938421
0.957534
0.965566
0.981250
0.987446
0.991858
0.997321
0.999250
0.999715
0.999927
0.999924
0.999919
0.999907
0.999596
0.999800
0.999868
0.999900
0.999937
0.999948
0.999949
0.999860
0.999678
0.999928
0.999953
0.999891
0.999920
0.999935
0.999945
0.999948
0.999949
0.999951
0.999952
0.999858
0.999913
0.999936
0.999872
0.999936
0.999895
0.999742
0.999870
0.999917
0.999840
0.999936
0.999961
0.999893
0.999880
0.999941
0.999747
0.999622
0.999571
0.999795
0.985371
0.893912
0.650473
0.642501
0.626458
0.589891
0.576518
0.612883
0.730483
0.800112
0.912100
0.948365
0.971822
0.976851
0.963842
0.974122
0.980517
0.983439
0.986667
0.988746
0.989241
0.990583
0.990176
0.992290
0.991978
0.992641
0.993212
0.993951
0.992082
0.993534
0.994257
0.993065
0.994383
0.994187
0.992940
];
