overall0 = [0.720615
0.721323
0.725566
0.727570
0.734798
0.732310
0.729736
0.726202
0.725435
0.726276
0.728230
0.728275
0.724927
0.719300
0.711500
0.696874
0.680825
0.667654
0.655151
0.651544
0.654082
0.659773
0.666354
0.672011
0.677507
0.682460
0.686721
0.692000
0.696782
0.701939
0.705941
0.710649
0.715279
0.719830
0.724201
0.728286
0.732232
0.735544
0.738390
0.740461
0.742227
0.744727
0.747311
0.749673
0.752321
0.754938
0.757307
0.759667
0.761823
0.763845
0.765803
0.767883
0.769799
0.771795
0.773739
0.775623
0.777444
0.779203
0.780611
0.782196
0.783760
0.785288
0.786640
0.788063
0.789271
0.790337
0.789522
0.787390
0.784183
0.780298
0.775675
0.772252
0.770044
0.768829
0.768008
0.768048
0.768457
0.769039
0.769822
0.770644
0.771617
0.772597
0.773617
0.774650
0.775491
0.776361
0.777363
0.778300
0.779284
0.780262
0.781228
0.782110
0.782948
0.783746
0.784638
0.785498
0.786366
0.787223
0.788063
0.788887
0.789694
0.790485
0.791259
0.791946
0.792673
0.793392
0.793810
0.794471
0.795135
0.795753
0.796399
0.797047
0.797587
0.798195
0.798802
0.799312
0.799872
0.800443
0.800939
0.801366
0.801808
0.802251
0.801965
0.800207
0.796381
0.792204
0.788012
0.783452
0.779281
0.774842
0.770037
0.765172
0.761352
0.757887
0.755758
0.754126
0.753120
0.752246
0.751731
0.751550
0.751536
0.751479
0.751632
0.751938
0.752260
0.752644
0.752780
0.753258
0.753694
0.754153
0.754546
0.755038
0.755576
0.755855
0.756336
0.756783
0.757188
];
