cohesion0 = [0.889569
0.888487
0.887323
0.885796
0.884771
0.885138
0.886743
0.886442
0.886545
0.887356
0.888942
0.891438
0.895487
0.899275
0.899934
0.900181
0.899857
0.897827
0.895355
0.892688
0.890551
0.889420
0.888500
0.887801
0.888237
0.890127
0.892593
0.894789
0.896892
0.898303
0.899149
0.899426
0.899399
0.899310
0.899146
0.898980
0.898800
0.899256
0.899029
0.900055
0.900931
0.901616
0.901894
0.902569
0.902708
0.902660
0.902770
0.902747
0.903025
0.903360
0.904041
0.904148
0.904009
0.903731
0.903458
0.903188
0.902919
0.902652
0.902983
0.903120
0.903088
0.902957
0.902817
0.902720
0.902471
0.902538
0.904017
0.906619
0.908248
0.905960
0.903654
0.902383
0.902323
0.900742
0.899565
0.897645
0.896203
0.894979
0.894212
0.893888
0.893787
0.893753
0.893681
0.893613
0.894170
0.894252
0.894147
0.894342
0.894386
0.894386
0.894359
0.894086
0.893895
0.893856
0.893935
0.893995
0.893939
0.893876
0.893815
0.893748
0.893678
0.893606
0.893534
0.893306
0.893110
0.892965
0.893839
0.894122
0.894237
0.894164
0.893924
0.893751
0.893156
0.892829
0.892607
0.892675
0.892715
0.892728
0.892451
0.891781
0.891539
0.891030
0.893349
0.896475
0.899772
0.895772
0.892095
0.890297
0.888524
0.887980
0.886218
0.886224
0.884985
0.885997
0.885516
0.886179
0.886222
0.886305
0.886599
0.886663
0.886585
0.887337
0.887773
0.887939
0.888117
0.887663
0.888881
0.888592
0.888450
0.888072
0.886923
0.886092
0.885333
0.885462
0.885058
0.884625
0.883913
];
