velocity0 = [0.819726
0.818545
0.835316
0.833406
0.872766
0.816056
0.819060
0.794468
0.814423
0.829475
0.844005
0.829643
0.787967
0.731616
0.692817
0.570048
0.526548
0.576178
0.524765
0.683977
0.797970
0.882098
0.919368
0.910760
0.916300
0.913573
0.905121
0.941274
0.932755
0.952916
0.920755
0.952893
0.960323
0.967507
0.970729
0.969212
0.972735
0.954606
0.942623
0.916031
0.908511
0.941726
0.949440
0.943804
0.962636
0.966908
0.960071
0.964552
0.958358
0.955842
0.955941
0.966787
0.961954
0.971169
0.972699
0.973553
0.974024
0.974376
0.955226
0.969780
0.971807
0.973003
0.964158
0.972299
0.960433
0.953032
0.841264
0.789623
0.698228
0.636888
0.560325
0.624958
0.707246
0.781981
0.801259
0.869901
0.899432
0.911830
0.929889
0.935007
0.950514
0.953284
0.959374
0.962845
0.946687
0.951059
0.965941
0.961414
0.968198
0.969743
0.970845
0.964590
0.962453
0.959922
0.971563
0.970147
0.972981
0.973683
0.973842
0.974039
0.974032
0.974021
0.974014
0.965814
0.972292
0.973077
0.937850
0.967727
0.969426
0.965501
0.970590
0.972344
0.960856
0.970958
0.972477
0.961244
0.968833
0.971545
0.963250
0.956007
0.959278
0.960763
0.871373
0.728597
0.550156
0.469288
0.464975
0.389095
0.478985
0.371475
0.224733
0.180290
0.318470
0.353518
0.546686
0.616725
0.721470
0.732536
0.782971
0.833191
0.856759
0.847357
0.880651
0.904577
0.908282
0.917701
0.876141
0.933702
0.927247
0.931838
0.924509
0.942032
0.951272
0.908189
0.943457
0.939410
0.934605
];
