instant0 = [0.720615
0.722031
0.734050
0.733584
0.763710
0.719871
0.714287
0.701468
0.719297
0.733841
0.747775
0.728771
0.684743
0.646155
0.602306
0.477471
0.424051
0.443735
0.430098
0.583012
0.704844
0.779294
0.811140
0.802106
0.809421
0.806287
0.797504
0.834532
0.830661
0.851510
0.825992
0.856590
0.863453
0.870015
0.872795
0.871292
0.874272
0.858076
0.846534
0.821230
0.812884
0.847237
0.855827
0.851265
0.868795
0.872721
0.866260
0.870601
0.865327
0.862887
0.863730
0.873939
0.869462
0.877584
0.878721
0.879235
0.879402
0.879459
0.862301
0.875729
0.877567
0.878524
0.870446
0.877699
0.866581
0.859657
0.735693
0.644558
0.566091
0.512244
0.452079
0.529224
0.611064
0.680109
0.707270
0.771059
0.799510
0.813883
0.830894
0.835553
0.849495
0.851936
0.857304
0.860331
0.846157
0.850316
0.863580
0.859746
0.865889
0.867279
0.868240
0.862305
0.860056
0.857971
0.868474
0.867212
0.869716
0.870295
0.870387
0.870500
0.870426
0.870349
0.870273
0.862645
0.868288
0.868868
0.838179
0.865211
0.866806
0.863094
0.867521
0.868961
0.858057
0.866843
0.868006
0.857986
0.864789
0.867275
0.859436
0.852227
0.854867
0.855893
0.767052
0.583876
0.321994
0.270091
0.259856
0.204344
0.245360
0.202167
0.145485
0.127840
0.257068
0.297043
0.470458
0.533877
0.616264
0.632449
0.680656
0.726526
0.749462
0.743430
0.773407
0.795646
0.798736
0.808329
0.772538
0.823574
0.818220
0.822533
0.813476
0.829330
0.837356
0.798591
0.830323
0.826195
0.820278
];
