cohesion0 = [0.923631
0.923573
0.923527
0.923497
0.923480
0.923473
0.923481
0.923497
0.923527
0.923570
0.923622
0.923683
0.923754
0.923834
0.923919
0.924014
0.924118
0.924231
0.924377
0.924501
0.924635
0.924776
0.924924
0.925077
0.925238
0.925403
0.925576
0.925756
0.925940
0.926131
0.926308
0.926502
0.926703
0.926908
0.927118
0.927331
0.927550
0.927751
0.927933
0.928106
0.928273
0.928435
0.928593
0.928745
0.928892
0.929036
0.929173
0.929308
0.929423
0.929499
0.929620
0.929738
0.929854
0.929965
0.930208
0.930286
0.930325
0.930360
0.930382
0.930339
0.930284
0.930218
0.930140
0.930051
0.929951
0.929838
0.929772
0.929643
0.929503
0.929350
0.929184
0.929045
0.928868
0.928712
0.928515
0.928340
0.928160
0.927977
0.927763
0.927562
0.927384
0.927211
0.927043
0.926881
0.926722
0.926570
0.926422
0.926279
0.926109
0.925964
0.925824
0.925691
0.925533
0.925383
0.925240
0.925109
0.924985
0.924868
0.924761
0.924632
0.924515
0.924413
0.924329
0.924286
0.924250
0.924218
0.924191
0.924170
0.924153
0.924140
0.924136
0.924167
0.924197
0.924227
0.924255
0.924282
0.924309
0.924334
0.924358
0.924382
0.924405
0.924426
0.924447
0.924469
0.924492
0.924512
0.924472
0.924483
0.924461
0.924467
0.924472
0.924434
0.924433
0.924433
0.924432
0.924432
0.924431
0.924431
0.924430
0.924374
0.924366
0.924357
0.924349
0.924340
0.924332
0.924323
0.924296
0.924234
0.924221
0.924207
0.924195
0.924184
0.924173
0.924162
0.924097
0.924079
0.924059
0.923986
0.923909
0.923874
0.923840
0.923758
0.923718
0.923679
0.923623
0.923581
0.923493
0.923445
0.923396
0.923351
0.923308
0.923267
0.923227
0.923189
0.923151
0.923096
0.923027
0.922993
0.922961
0.922880
0.922841
0.922804
0.922767
0.922731
0.922697
0.922663
0.922630
0.922598
0.922567
0.922537
0.922508
0.922480
0.922453
0.922427
0.922402
0.922378
0.922354
0.922334
0.922314
0.922297
0.922280
0.922264
0.922248
0.922232
0.922216
0.922201
0.922186
0.922172
0.922158
0.922144
0.922100
0.922079
0.922039
0.922024
0.922009
0.921994
0.921980
0.921966
0.922036
0.922020
0.922005
0.921990
0.921975
0.921961
0.921947
0.921933
0.921919
0.921907
0.921894
0.921881
0.921869
0.921857
0.921846
0.921835
0.921824
0.921814
0.921804
0.921794
0.921848
0.921839
0.921831
0.921822
0.921812
0.921802
0.921793
0.921784
0.921775
0.921767
0.921758
0.921750
0.921743
0.921736
0.921729
0.921723
0.921716
0.921711
0.921705
0.921700
0.921695
0.921691
0.921686
0.921682
0.921679
0.921676
0.921673
0.921713
0.921713
0.921681
0.921677
0.921673
0.921670
0.921666
0.921664
0.921661
0.921659
0.921657
0.921656
0.921654
0.921654
0.921653
0.921653
0.921653
0.921653
0.921654
0.921655
0.921656
0.921656
0.921656
0.921656
0.921656
0.921656
0.921657
0.921700
0.921702
0.921705
0.921707
0.921710
0.921712
0.921715
0.921717
0.921720
0.921722
0.921725
0.921727
0.921730
0.921732
0.921735
0.921737
0.921740
0.921743
0.921745
0.921748
0.921750
0.921751
0.921751
0.921751
0.921752
0.921724
0.921729
0.921734
0.921738
0.921742
0.921746
0.921749
0.921752
0.921755
0.921757
0.921759
0.921761
0.921763
0.921765
0.921766
0.921768
0.921718
0.921728
0.921737
0.921746
0.921754
0.921762
0.921770
0.921777
0.921784
0.921791
0.921797
0.921803
0.921809
0.921814
0.921820
0.921824
0.921829
0.921833
0.921810
0.921818
0.921826
0.921833
0.921840
0.921846
0.921853
0.921802
0.921800
0.921909
0.921909
0.921911
0.921912
0.921914
0.921915
0.921917
0.921919
0.921921
0.921923
0.921925
0.921927
0.921929
0.921931
0.921934
0.921936
0.921938
0.921940
0.921943
0.921945
0.921947
0.921949
0.921951
0.921954
0.921956
0.921958
0.921960
0.921962
0.921964
0.921967
0.922077
0.922080
0.922082
0.922085
0.922125
0.922132
0.922139
0.922141
0.922144
0.922146
0.922149
0.922151
0.922153
0.922264
0.922271
0.922278
0.922285
0.922292
0.922299
0.922306
0.922312
0.922319
0.922326
0.922333
0.922290
0.922304
0.922261
0.922267
0.922273
0.922275
0.922278
0.922280
0.922282
0.922286
0.922288
0.922290
0.922237
0.922231
0.922226
0.922221
0.922216
0.922212
0.922208
0.922205
0.922147
0.922134
0.922123
0.922114
0.922104
0.922095
0.922086
0.922078
0.922070
0.922062
0.922000
0.921983
0.921966
0.921951
0.921936
0.921921
0.921907
0.921894
0.921882
0.921870
0.921859
0.921848
0.921840
0.921832
0.921825
0.921818
0.921811
0.921805
0.921799
0.921793
0.921787
0.921781
0.921775
0.921769
0.921764
0.921759
0.921753
0.921748
0.921743
0.921738
0.921733
0.921728
0.921723
0.921719
0.921714
0.921710
0.921705
0.921701
0.921697
0.921693
0.921689
0.921685
0.921792
0.921788
0.921794
0.921748
0.921703
0.921668
0.921643
0.921622
0.921608
0.921600
0.921597
0.921604
0.921616
0.921632
0.921691
0.921707
0.921763
0.921817
0.921870
0.921924
0.921975
0.922024
0.922071
0.922115
0.922158
0.922201
0.922243
0.922283
0.922321
0.922357
0.922391
0.922532
0.922568
0.922605
0.922640
0.922675
0.922708
0.922740
0.922771
0.922801
0.922830
0.922857
0.922884
0.922909
0.922933
0.922958
0.922983
0.923007
0.923029
0.923051
0.923133
0.923153
0.923143
0.923154
0.923166
0.923127
0.923129
0.923133
0.923119
0.923118
0.923116
0.923115
0.923114
0.923114
0.923114
0.923114
0.923114
0.923113
0.923112
0.923086
0.923088
0.923154
0.923158
0.923162
0.923120
0.923114
0.923108
0.923103
0.923097
0.923091
0.923085
0.923080
0.923012
0.923070
0.923052
0.923037
0.923021
0.923006
0.922992
0.922977
0.922963
0.922886
0.922865
0.922846
0.922827
0.922809
0.922791
0.922774
0.922756
0.922740
0.922723
0.922707
0.922691
0.922675
0.922660
0.922583
0.922562
0.922541
0.922521
0.922502
0.922524
0.922506
0.922488
0.922471
0.922454
0.922438
0.922423
0.922408
0.922394
0.922380
0.922367
0.922355
0.922343
0.922332
0.922322
0.922265
0.922182
0.922114
0.922080
0.922045
0.922013
0.921983
0.921953
0.921926
0.921900
0.921872
0.921844
0.921818
0.921792
0.921766
0.921741
0.921717
0.921694
0.921671
0.921648
0.921627
0.921606
0.921585
0.921566
0.921546
0.921528
0.921510
0.921493
0.921476
0.921460
0.921445
0.921430
0.921417
0.921405
0.921393
0.921382
0.921372
0.921361
0.921351
0.921341
0.921332
0.921323
0.921314
0.921305
0.921297
0.921289
0.921282
0.921275
0.921268
0.921261
0.921255
0.921248
0.921216
0.921205
0.921195
0.921184
0.921175
0.921165
0.921156
0.921147
0.921139
0.921130
0.921122
0.921114
0.921106
0.921141
0.921135
0.921129
0.921124
0.921118
0.921113
0.921108
0.921103
0.921098
0.921045
0.921030
0.921016
0.921003
0.920990
0.920979
0.920906
0.920888
0.920871
0.920855
0.920839
0.920824
0.920807
0.920791
0.920776
0.920868
0.920857
0.920846
0.920835
0.920824
0.920814
0.920914
0.920908
0.920877
0.920877
0.920877
0.920873
0.920869
0.920866
0.920841
0.920841
0.920887
0.920887
0.920887
0.920888
0.920888
0.920889
0.920889
0.920890
0.920890
0.920946
0.920947
0.920947
0.920947
0.920947
0.920948
0.920948
0.920948
0.920949
0.920950
0.920951
0.920952
0.920953
0.920954
0.920956
0.920957
0.920959
0.920960
0.920963
0.920964
0.920967
0.920969
0.920971
0.920974
0.920977
0.920980
0.920982
0.920985
0.920988
0.920991
0.920994
0.920997
0.921000
0.921003
0.921118
0.921122
0.921126
0.921130
0.921134
0.921138
0.921142
0.921146
0.921089
0.921085
0.921083
0.921018
0.921004
0.920991
0.920978
0.920969
0.920960
0.920951
0.920942
0.920883
0.920866
0.920847
0.920829
0.920812
0.920795
0.920781
0.920768
0.920755
0.920742
0.920729
0.920717
0.920705
0.920694
0.920682
0.920671
0.920661
0.920650
0.920621
0.920608
0.920595
0.920583
0.920571
0.920559
0.920548
0.920536
0.920525
0.920515
0.920505
0.920495
0.920485
0.920476
0.920467
0.920458
0.920450
0.920442
0.920434
0.920379
0.920362
0.920346
0.920332
0.920318
0.920305
0.920292
0.920280
0.920267
0.920255
0.920244
0.920232
0.920221
0.920211
0.920200
0.920190
0.920180
0.920171
0.920162
0.920153
0.920145
0.920137
0.920129
0.920121
0.920114
0.920107
0.920101
0.920095
0.920089
0.920083
0.920078
0.920073
0.920069
0.920064
0.920060
0.920057
0.920053
0.920050
0.920048
0.920045
0.920043
0.920042
0.920040
0.920039
0.920038
0.920038
0.920038
0.920038
0.920038
0.919978
0.919971
0.919965
0.919960
0.919954
0.919949
0.919945
0.919940
0.919936
0.919933
0.919929
0.919926
0.919923
0.919921
0.919919
0.919917
0.919916
0.919915
0.919914
0.919913
0.919913
0.919913
0.919914
