instant0 = [0.200876
0.187616
0.187522
0.188192
0.188601
0.188541
0.188956
0.188870
0.189397
0.189786
0.189848
0.189700
0.189927
0.189929
0.190287
0.190474
0.190645
0.190816
0.194570
0.190944
0.191102
0.191279
0.191113
0.191136
0.191142
0.190977
0.191172
0.191355
0.191196
0.191416
0.189443
0.191723
0.191902
0.191775
0.191993
0.191904
0.192093
0.190007
0.188475
0.189445
0.189747
0.190347
0.190936
0.191198
0.191623
0.192176
0.192384
0.192926
0.190575
0.186359
0.193563
0.194087
0.194570
0.194690
0.172650
0.193267
0.188592
0.189131
0.189640
0.181946
0.182481
0.183126
0.183575
0.184085
0.184470
0.184418
0.193023
0.185106
0.185178
0.185179
0.184972
0.191428
0.185825
0.192232
0.185771
0.191646
0.190838
0.191401
0.186442
0.190261
0.194624
0.194712
0.195120
0.195169
0.195234
0.195621
0.195647
0.196048
0.190775
0.195625
0.196008
0.196422
0.191467
0.191570
0.191618
0.192343
0.192414
0.192448
0.192972
0.187346
0.187735
0.188064
0.189465
0.194203
0.194521
0.194546
0.194551
0.194536
0.194521
0.194486
0.194161
0.199357
0.199367
0.199411
0.199403
0.199412
0.199438
0.199446
0.199454
0.199462
0.199470
0.199477
0.199518
0.199832
0.200181
0.200546
0.192270
0.200544
0.195795
0.200557
0.200525
0.194125
0.200529
0.200513
0.200513
0.200514
0.200532
0.200532
0.200516
0.192428
0.200474
0.200508
0.200507
0.200471
0.200470
0.200503
0.197295
0.192218
0.200450
0.200157
0.200480
0.200479
0.200460
0.200475
0.192379
0.200438
0.200110
0.192009
0.192299
0.199686
0.199664
0.192241
0.199643
0.199621
0.196900
0.199272
0.192148
0.199205
0.198858
0.199195
0.199190
0.199543
0.199520
0.199515
0.199526
0.196807
0.194313
0.199506
0.199501
0.192080
0.199441
0.199453
0.199448
0.199425
0.199455
0.199450
0.199428
0.199440
0.199436
0.199414
0.199444
0.199423
0.199419
0.199432
0.199395
0.199425
0.199422
0.199743
0.199757
0.200078
0.200058
0.200089
0.200086
0.200049
0.200080
0.200077
0.200040
0.200072
0.200052
0.200067
0.196004
0.199877
0.196679
0.200195
0.200209
0.200172
0.200204
0.200201
0.186921
0.200018
0.200016
0.200013
0.200010
0.200025
0.199988
0.200002
0.200017
0.199998
0.199978
0.200010
0.200008
0.199989
0.199987
0.200002
0.200000
0.199964
0.199996
0.199977
0.194969
0.200005
0.200003
0.200001
0.200136
0.200168
0.200167
0.200165
0.200146
0.200144
0.200160
0.200158
0.200157
0.200138
0.200137
0.200170
0.200134
0.200150
0.200132
0.200131
0.200164
0.200129
0.200145
0.200145
0.200144
0.200126
0.200143
0.196786
0.199979
0.195260
0.199972
0.199971
0.199971
0.199970
0.199970
0.199969
0.199969
0.199968
0.199968
0.199968
0.199934
0.199968
0.199968
0.199968
0.199968
0.199968
0.199968
0.199968
0.200156
0.200122
0.200139
0.200139
0.200122
0.200139
0.196784
0.199978
0.199978
0.199979
0.199980
0.199980
0.199981
0.199981
0.199982
0.199965
0.199983
0.199984
0.199984
0.199985
0.199985
0.199986
0.199986
0.199987
0.199962
0.199988
0.199989
0.200177
0.200143
0.200151
0.200160
0.195448
0.200144
0.200154
0.200147
0.200139
0.200149
0.200167
0.200142
0.200160
0.200160
0.200144
0.200161
0.200153
0.200162
0.200154
0.200163
0.191575
0.200132
0.200143
0.200145
0.200138
0.200149
0.200151
0.200161
0.200146
0.200156
0.200158
0.200168
0.200152
0.200162
0.200164
0.200173
0.200157
0.200176
0.195787
0.200160
0.200154
0.200164
0.200166
0.200159
0.200169
0.191931
0.200153
0.191445
0.200018
0.200010
0.200020
0.200011
0.200021
0.200004
0.200022
0.200014
0.200023
0.200024
0.200016
0.200025
0.200009
0.200026
0.200027
0.200028
0.200028
0.200020
0.200029
0.200030
0.200030
0.200022
0.200031
0.200032
0.200033
0.200033
0.200017
0.200034
0.200026
0.191486
0.200044
0.200045
0.200037
0.197018
0.199711
0.199713
0.200047
0.200048
0.200048
0.200058
0.200058
0.200042
0.191492
0.199712
0.199706
0.199717
0.199728
0.199722
0.199724
0.199744
0.199729
0.199749
0.199734
0.191668
0.199719
0.191503
0.199748
0.199725
0.200084
0.200085
0.200069
0.200086
0.200250
0.200088
0.200089
0.192008
0.200080
0.200079
0.200061
0.200077
0.200068
0.200068
0.200067
0.191998
0.199717
0.200040
0.200038
0.200045
0.200043
0.200041
0.200031
0.200030
0.200037
0.191946
0.199655
0.199660
0.199649
0.199664
0.199653
0.199650
0.199656
0.199646
0.199661
0.199642
0.199657
0.199980
0.199978
0.199986
0.199976
0.199991
0.199982
0.199980
0.199970
0.199986
0.199968
0.199984
0.199965
0.199981
0.199972
0.199971
0.199987
0.199968
0.199976
0.199958
0.199974
0.199973
0.199963
0.199971
0.199970
0.199960
0.199976
0.199967
0.199966
0.199957
0.199964
0.191246
0.199988
0.187053
0.191752
0.190877
0.191184
0.191786
0.191716
0.191962
0.191880
0.191767
0.192321
0.192190
0.192081
0.197249
0.191693
0.196507
0.196574
0.196962
0.197339
0.197401
0.197435
0.197478
0.197536
0.197560
0.197939
0.197985
0.198005
0.198050
0.198085
0.198103
0.190294
0.198362
0.198717
0.198740
0.198770
0.198791
0.198821
0.198858
0.198879
0.198898
0.198918
0.198945
0.198955
0.198973
0.199324
0.199341
0.199349
0.199365
0.199373
0.194698
0.199406
0.194708
0.199577
0.199599
0.191531
0.199569
0.199922
0.196883
0.199577
0.199569
0.199579
0.199597
0.199932
0.199933
0.199934
0.199944
0.199945
0.199955
0.196402
0.199925
0.195080
0.199784
0.199794
0.192033
0.199411
0.199427
0.199419
0.199427
0.199435
0.199443
0.199443
0.191554
0.183841
0.199432
0.199788
0.199777
0.199791
0.199780
0.199778
0.199792
0.191549
0.199785
0.199774
0.199787
0.199776
0.199790
0.199778
0.199783
0.199780
0.199786
0.199774
0.199788
0.199768
0.199782
0.191693
0.199755
0.199760
0.199757
0.199762
0.196570
0.199763
0.199760
0.199774
0.199746
0.199760
0.199757
0.199755
0.199761
0.199750
0.199748
0.199763
0.199744
0.199759
0.199757
0.191806
0.191115
0.192252
0.199283
0.198937
0.199283
0.199278
0.199274
0.199611
0.199607
0.199773
0.199777
0.199755
0.199768
0.199764
0.199760
0.199756
0.199760
0.199739
0.199761
0.199749
0.199737
0.199751
0.199739
0.199744
0.199733
0.199738
0.199735
0.199732
0.199721
0.199736
0.199724
0.199731
0.200061
0.200050
0.200065
0.200046
0.200044
0.200059
0.200049
0.200047
0.200045
0.200043
0.200042
0.200040
0.200047
0.200028
0.200044
0.200034
0.200033
0.200031
0.200039
0.195651
0.200009
0.200015
0.200005
0.200011
0.200001
0.200003
0.200006
0.199995
0.200007
0.199996
0.199999
0.199997
0.196640
0.199822
0.199838
0.199833
0.199828
0.199827
0.199830
0.199834
0.199829
0.191751
0.199456
0.199445
0.199452
0.199454
0.199444
0.191382
0.199440
0.199433
0.199430
0.199432
0.199426
0.199593
0.199595
0.199588
0.191728
0.199765
0.199767
0.199761
0.199759
0.199762
0.191215
0.199419
0.194393
0.199434
0.199427
0.199768
0.199767
0.199767
0.196578
0.199760
0.196253
0.199789
0.199781
0.199790
0.199782
0.199791
0.199783
0.199792
0.199792
0.195427
0.199795
0.199791
0.199792
0.199801
0.199793
0.199798
0.199794
0.199803
0.199795
0.199795
0.199804
0.199796
0.199805
0.199798
0.199807
0.199807
0.199799
0.199809
0.199801
0.199810
0.199807
0.199812
0.199804
0.199813
0.199814
0.199810
0.199816
0.199816
0.199813
0.199818
0.199819
0.199815
0.199820
0.191127
0.199852
0.199853
0.199853
0.199846
0.199855
0.199852
0.199857
0.191785
0.199834
0.199842
0.191922
0.199640
0.199633
0.199631
0.199966
0.199973
0.199963
0.199961
0.191397
0.199932
0.199608
0.199605
0.199594
0.199600
0.199930
0.199927
0.199920
0.199930
0.199920
0.199921
0.199919
0.199917
0.199915
0.199913
0.199911
0.199909
0.196711
0.199898
0.199895
0.199893
0.199890
0.199888
0.199886
0.199884
0.199882
0.199880
0.199878
0.199876
0.199878
0.199872
0.199874
0.199869
0.199871
0.199870
0.199864
0.191803
0.199506
0.199499
0.199837
0.199830
0.199828
0.199830
0.199827
0.199820
0.199822
0.199816
0.199818
0.199816
0.199814
0.199807
0.199814
0.199808
0.199806
0.199804
0.199802
0.199801
0.199803
0.199802
0.199796
0.199799
0.199798
0.199792
0.199791
0.199790
0.199793
0.199792
0.199786
0.199794
0.199785
0.199786
0.199785
0.199785
0.199786
0.199783
0.199783
0.199787
0.199782
0.199780
0.199784
0.199783
0.199779
0.199785
0.199785
0.199781
0.191719
0.199766
0.199765
0.199766
0.199765
0.199764
0.199758
0.199762
0.199763
0.199758
0.199760
0.199757
0.199761
0.199758
0.199757
0.199755
0.199755
0.199759
0.199758
0.199754
0.199754
0.199758
0.199754
