overall0 = [0.200876
0.194246
0.192005
0.191051
0.190561
0.190225
0.190043
0.189897
0.189841
0.189836
0.189837
0.189826
0.189833
0.189840
0.189870
0.189908
0.189951
0.189999
0.190240
0.190275
0.190314
0.190358
0.190391
0.190422
0.190451
0.190471
0.190497
0.190528
0.190551
0.190580
0.190543
0.190580
0.190620
0.190654
0.190692
0.190726
0.190763
0.190743
0.190685
0.190654
0.190632
0.190625
0.190632
0.190645
0.190667
0.190699
0.190735
0.190781
0.190777
0.190688
0.190745
0.190809
0.190880
0.190951
0.190618
0.190665
0.190629
0.190603
0.190587
0.190443
0.190312
0.190196
0.190091
0.189997
0.189912
0.189829
0.189877
0.189806
0.189739
0.189674
0.189608
0.189633
0.189581
0.189617
0.189566
0.189593
0.189609
0.189632
0.189592
0.189600
0.189662
0.189724
0.189789
0.189853
0.189916
0.189982
0.190048
0.190116
0.190123
0.190184
0.190248
0.190315
0.190328
0.190341
0.190354
0.190375
0.190396
0.190417
0.190443
0.190412
0.190385
0.190363
0.190354
0.190391
0.190430
0.190469
0.190507
0.190545
0.190581
0.190617
0.190648
0.190726
0.190803
0.190878
0.190952
0.191025
0.191097
0.191168
0.191238
0.191306
0.191374
0.191440
0.191506
0.191573
0.191642
0.191712
0.191717
0.191786
0.191817
0.191884
0.191950
0.191966
0.192031
0.192094
0.192157
0.192218
0.192279
0.192338
0.192397
0.192398
0.192455
0.192511
0.192567
0.192622
0.192676
0.192730
0.192761
0.192757
0.192809
0.192858
0.192909
0.192958
0.193007
0.193056
0.193051
0.193099
0.193143
0.193136
0.193131
0.193172
0.193212
0.193206
0.193246
0.193285
0.193307
0.193343
0.193335
0.193370
0.193403
0.193437
0.193470
0.193506
0.193541
0.193575
0.193609
0.193627
0.193631
0.193664
0.193697
0.193688
0.193719
0.193751
0.193782
0.193813
0.193843
0.193873
0.193903
0.193932
0.193962
0.193990
0.194019
0.194047
0.194075
0.194102
0.194130
0.194157
0.194183
0.194211
0.194239
0.194268
0.194297
0.194326
0.194354
0.194382
0.194410
0.194438
0.194465
0.194492
0.194518
0.194545
0.194551
0.194577
0.194586
0.194613
0.194639
0.194664
0.194690
0.194715
0.194680
0.194704
0.194728
0.194752
0.194775
0.194799
0.194822
0.194845
0.194867
0.194890
0.194912
0.194934
0.194956
0.194978
0.194999
0.195021
0.195042
0.195063
0.195084
0.195104
0.195104
0.195124
0.195144
0.195164
0.195185
0.195205
0.195226
0.195246
0.195265
0.195285
0.195305
0.195324
0.195343
0.195362
0.195381
0.195400
0.195419
0.195437
0.195455
0.195474
0.195492
0.195510
0.195527
0.195545
0.195562
0.195580
0.195597
0.195601
0.195618
0.195616
0.195633
0.195649
0.195665
0.195680
0.195696
0.195712
0.195727
0.195743
0.195758
0.195773
0.195788
0.195803
0.195818
0.195832
0.195847
0.195861
0.195876
0.195890
0.195905
0.195920
0.195934
0.195949
0.195963
0.195977
0.195980
0.195994
0.196007
0.196021
0.196034
0.196047
0.196060
0.196074
0.196086
0.196099
0.196112
0.196125
0.196138
0.196150
0.196163
0.196175
0.196187
0.196200
0.196212
0.196224
0.196236
0.196248
0.196261
0.196273
0.196285
0.196283
0.196295
0.196307
0.196319
0.196331
0.196342
0.196354
0.196366
0.196378
0.196389
0.196401
0.196412
0.196423
0.196435
0.196446
0.196457
0.196442
0.196453
0.196464
0.196475
0.196486
0.196497
0.196508
0.196518
0.196529
0.196540
0.196550
0.196561
0.196571
0.196581
0.196592
0.196602
0.196612
0.196622
0.196620
0.196630
0.196640
0.196650
0.196660
0.196669
0.196679
0.196666
0.196676
0.196661
0.196670
0.196680
0.196689
0.196698
0.196707
0.196716
0.196725
0.196734
0.196743
0.196752
0.196760
0.196769
0.196778
0.196786
0.196795
0.196804
0.196812
0.196821
0.196829
0.196838
0.196846
0.196854
0.196862
0.196871
0.196879
0.196887
0.196895
0.196903
0.196911
0.196897
0.196905
0.196913
0.196921
0.196921
0.196929
0.196936
0.196943
0.196951
0.196959
0.196967
0.196974
0.196982
0.196968
0.196975
0.196982
0.196989
0.196995
0.197002
0.197009
0.197015
0.197022
0.197028
0.197035
0.197022
0.197029
0.197015
0.197022
0.197028
0.197036
0.197043
0.197050
0.197057
0.197065
0.197072
0.197079
0.197067
0.197074
0.197081
0.197088
0.197095
0.197102
0.197109
0.197115
0.197104
0.197110
0.197116
0.197123
0.197130
0.197136
0.197143
0.197149
0.197156
0.197162
0.197151
0.197156
0.197162
0.197167
0.197173
0.197178
0.197184
0.197189
0.197195
0.197200
0.197206
0.197211
0.197217
0.197223
0.197229
0.197235
0.197241
0.197247
0.197253
0.197259
0.197265
0.197270
0.197276
0.197282
0.197288
0.197293
0.197299
0.197305
0.197311
0.197316
0.197322
0.197327
0.197333
0.197338
0.197344
0.197349
0.197355
0.197360
0.197366
0.197371
0.197376
0.197382
0.197369
0.197374
0.197353
0.197342
0.197329
0.197316
0.197305
0.197294
0.197283
0.197272
0.197261
0.197251
0.197241
0.197231
0.197231
0.197220
0.197218
0.197217
0.197216
0.197217
0.197217
0.197217
0.197218
0.197219
0.197219
0.197221
0.197222
0.197224
0.197225
0.197227
0.197229
0.197215
0.197217
0.197220
0.197223
0.197226
0.197229
0.197232
0.197235
0.197238
0.197242
0.197245
0.197248
0.197251
0.197254
0.197258
0.197262
0.197266
0.197270
0.197274
0.197269
0.197273
0.197268
0.197273
0.197277
0.197266
0.197271
0.197275
0.197275
0.197279
0.197283
0.197287
0.197292
0.197296
0.197301
0.197306
0.197311
0.197315
0.197320
0.197319
0.197323
0.197319
0.197324
0.197328
0.197319
0.197322
0.197326
0.197330
0.197333
0.197337
0.197341
0.197345
0.197334
0.197311
0.197314
0.197319
0.197323
0.197327
0.197332
0.197336
0.197340
0.197330
0.197334
0.197339
0.197343
0.197347
0.197351
0.197355
0.197359
0.197364
0.197368
0.197372
0.197376
0.197380
0.197384
0.197374
0.197378
0.197382
0.197386
0.197390
0.197389
0.197393
0.197397
0.197401
0.197405
0.197409
0.197413
0.197416
0.197420
0.197424
0.197428
0.197432
0.197436
0.197439
0.197443
0.197434
0.197424
0.197415
0.197418
0.197421
0.197424
0.197427
0.197430
0.197433
0.197437
0.197441
0.197444
0.197448
0.197452
0.197455
0.197459
0.197463
0.197466
0.197470
0.197474
0.197477
0.197481
0.197484
0.197488
0.197492
0.197495
0.197499
0.197502
0.197506
0.197509
0.197512
0.197516
0.197519
0.197523
0.197527
0.197531
0.197535
0.197539
0.197543
0.197547
0.197550
0.197554
0.197558
0.197562
0.197566
0.197569
0.197573
0.197577
0.197581
0.197584
0.197588
0.197592
0.197589
0.197592
0.197596
0.197600
0.197603
0.197607
0.197610
0.197614
0.197618
0.197621
0.197625
0.197628
0.197632
0.197630
0.197633
0.197637
0.197640
0.197643
0.197646
0.197649
0.197653
0.197656
0.197647
0.197650
0.197653
0.197655
0.197658
0.197660
0.197651
0.197654
0.197656
0.197659
0.197661
0.197664
0.197667
0.197670
0.197672
0.197664
0.197667
0.197670
0.197673
0.197676
0.197679
0.197670
0.197672
0.197667
0.197670
0.197672
0.197675
0.197678
0.197681
0.197680
0.197682
0.197681
0.197683
0.197686
0.197689
0.197692
0.197695
0.197698
0.197701
0.197704
0.197701
0.197704
0.197706
0.197709
0.197712
0.197715
0.197718
0.197721
0.197723
0.197726
0.197729
0.197732
0.197735
0.197738
0.197740
0.197743
0.197746
0.197749
0.197751
0.197754
0.197757
0.197760
0.197762
0.197765
0.197768
0.197771
0.197773
0.197776
0.197779
0.197781
0.197784
0.197787
0.197789
0.197792
0.197783
0.197786
0.197789
0.197792
0.197794
0.197797
0.197800
0.197802
0.197794
0.197797
0.197800
0.197792
0.197795
0.197797
0.197799
0.197802
0.197805
0.197808
0.197810
0.197802
0.197805
0.197807
0.197810
0.197812
0.197814
0.197817
0.197819
0.197822
0.197825
0.197827
0.197830
0.197833
0.197835
0.197838
0.197841
0.197843
0.197846
0.197844
0.197847
0.197850
0.197852
0.197855
0.197857
0.197860
0.197862
0.197865
0.197867
0.197870
0.197872
0.197875
0.197877
0.197880
0.197882
0.197885
0.197887
0.197889
0.197882
0.197884
0.197886
0.197888
0.197891
0.197893
0.197895
0.197898
0.197900
0.197902
0.197905
0.197907
0.197909
0.197912
0.197914
0.197916
0.197918
0.197921
0.197923
0.197925
0.197927
0.197930
0.197932
0.197934
0.197936
0.197939
0.197941
0.197943
0.197945
0.197947
0.197950
0.197952
0.197954
0.197956
0.197958
0.197960
0.197962
0.197965
0.197967
0.197969
0.197971
0.197973
0.197975
0.197977
0.197979
0.197981
0.197984
0.197986
0.197988
0.197980
0.197983
0.197985
0.197987
0.197989
0.197991
0.197993
0.197995
0.197997
0.197999
0.198001
0.198003
0.198005
0.198007
0.198009
0.198011
0.198013
0.198015
0.198017
0.198019
0.198021
0.198023
0.198025
