orientation0 = [1.000000
0.999972
0.999887
0.999756
0.999583
0.999363
0.999111
0.998816
0.998501
0.998166
0.997805
0.997411
0.997002
0.996570
0.996119
0.995658
0.995190
0.994719
0.994509
0.994031
0.993554
0.993084
0.992598
0.992108
0.991616
0.991110
0.990616
0.990138
0.989649
0.989175
0.989408
0.988961
0.988534
0.988097
0.987685
0.987264
0.986867
0.987004
0.987764
0.988475
0.989166
0.989809
0.990403
0.990978
0.991523
0.992024
0.992508
0.992955
0.992696
0.993647
0.994049
0.994414
0.994746
0.995067
0.995926
0.996312
0.996881
0.997420
0.997905
0.998581
0.999116
0.999515
0.999789
0.999944
0.999987
0.999925
0.999870
0.999664
0.999367
0.998980
0.998502
0.998262
0.997702
0.997440
0.996777
0.996490
0.996313
0.996049
0.995310
0.995100
0.995395
0.995678
0.995935
0.996184
0.996425
0.996641
0.996850
0.997039
0.996847
0.997053
0.997236
0.997398
0.997773
0.998118
0.998432
0.998696
0.998933
0.999144
0.999316
0.999578
0.999772
0.999903
0.999974
0.999995
0.999998
0.999983
0.999950
0.999899
0.999839
0.999763
0.999678
0.999696
0.999713
0.999730
0.999746
0.999762
0.999777
0.999791
0.999805
0.999819
0.999832
0.999844
0.999857
0.999864
0.999871
0.999875
0.999893
0.999896
0.999892
0.999895
0.999898
0.999873
0.999877
0.999881
0.999885
0.999888
0.999892
0.999896
0.999899
0.999843
0.999847
0.999851
0.999855
0.999859
0.999863
0.999867
0.999861
0.999878
0.999882
0.999888
0.999891
0.999894
0.999897
0.999900
0.999889
0.999892
0.999899
0.999861
0.999761
0.999774
0.999787
0.999715
0.999730
0.999744
0.999713
0.999732
0.999607
0.999630
0.999658
0.999680
0.999701
0.999716
0.999730
0.999745
0.999759
0.999729
0.999814
0.999825
0.999837
0.999739
0.999753
0.999767
0.999780
0.999793
0.999806
0.999818
0.999830
0.999841
0.999852
0.999863
0.999873
0.999883
0.999892
0.999901
0.999910
0.999918
0.999926
0.999931
0.999936
0.999939
0.999941
0.999944
0.999946
0.999948
0.999951
0.999953
0.999955
0.999957
0.999959
0.999961
0.999935
0.999940
0.999963
0.999965
0.999967
0.999968
0.999970
0.999972
0.999937
0.999940
0.999942
0.999945
0.999947
0.999950
0.999952
0.999955
0.999957
0.999959
0.999961
0.999964
0.999966
0.999968
0.999970
0.999971
0.999973
0.999975
0.999977
0.999978
0.999982
0.999983
0.999984
0.999985
0.999986
0.999987
0.999988
0.999989
0.999990
0.999991
0.999992
0.999992
0.999993
0.999994
0.999995
0.999995
0.999996
0.999996
0.999997
0.999997
0.999997
0.999998
0.999998
0.999998
0.999999
0.999999
0.999999
0.999993
0.999993
0.999994
0.999995
0.999996
0.999997
0.999997
0.999998
0.999998
0.999999
0.999999
0.999999
1.000000
1.000000
1.000000
1.000000
1.000000
1.000000
1.000000
1.000000
0.999999
0.999999
0.999999
0.999999
0.999999
0.999999
0.999999
0.999996
0.999996
0.999997
0.999997
0.999997
0.999997
0.999998
0.999998
0.999998
0.999998
0.999998
0.999998
0.999998
0.999998
0.999999
0.999999
0.999999
0.999999
0.999999
0.999999
0.999999
0.999999
0.999999
0.999999
0.999999
0.999989
0.999989
0.999990
0.999991
0.999992
0.999993
0.999993
0.999994
0.999995
0.999995
0.999995
0.999996
0.999996
0.999996
0.999997
0.999997
0.999970
0.999971
0.999973
0.999974
0.999976
0.999977
0.999978
0.999980
0.999981
0.999982
0.999983
0.999984
0.999985
0.999986
0.999988
0.999988
0.999989
0.999990
0.999972
0.999973
0.999974
0.999976
0.999977
0.999978
0.999979
1.000000
0.999999
0.999974
0.999975
0.999976
0.999978
0.999978
0.999980
0.999981
0.999982
0.999983
0.999985
0.999985
0.999986
0.999987
0.999987
0.999988
0.999988
0.999990
0.999990
0.999990
0.999991
0.999991
0.999991
0.999992
0.999992
0.999993
0.999993
0.999994
0.999994
0.999995
0.999995
0.999960
0.999960
0.999962
0.999962
0.999942
0.999945
0.999950
0.999950
0.999952
0.999952
0.999954
0.999955
0.999957
0.999881
0.999888
0.999892
0.999898
0.999902
0.999908
0.999911
0.999918
0.999920
0.999926
0.999929
0.999877
0.999884
0.999942
0.999944
0.999948
0.999949
0.999951
0.999952
0.999953
0.999955
0.999955
0.999957
0.999974
0.999975
0.999977
0.999978
0.999980
0.999981
0.999982
0.999983
0.999973
0.999975
0.999977
0.999979
0.999980
0.999982
0.999983
0.999985
0.999986
0.999987
0.999951
0.999955
0.999958
0.999962
0.999965
0.999969
0.999972
0.999975
0.999978
0.999980
0.999983
0.999985
0.999986
0.999986
0.999987
0.999988
0.999988
0.999989
0.999989
0.999989
0.999990
0.999990
0.999990
0.999990
0.999990
0.999990
0.999990
0.999990
0.999990
0.999991
0.999991
0.999991
0.999991
0.999991
0.999991
0.999991
0.999991
0.999991
0.999991
0.999991
0.999991
0.999991
0.999952
0.999954
0.999992
0.999969
0.999906
0.999807
0.999681
0.999520
0.999348
0.999149
0.998923
0.998693
0.998440
0.998165
0.998253
0.997971
0.998084
0.998195
0.998288
0.998373
0.998455
0.998534
0.998611
0.998686
0.998759
0.998819
0.998877
0.998933
0.998988
0.999041
0.999092
0.999264
0.999304
0.999335
0.999365
0.999394
0.999423
0.999450
0.999477
0.999503
0.999528
0.999553
0.999577
0.999600
0.999622
0.999638
0.999653
0.999667
0.999681
0.999695
0.999654
0.999667
0.999694
0.999707
0.999720
0.999728
0.999739
0.999745
0.999740
0.999747
0.999755
0.999762
0.999770
0.999776
0.999782
0.999787
0.999793
0.999799
0.999804
0.999763
0.999769
0.999838
0.999841
0.999844
0.999814
0.999819
0.999823
0.999827
0.999832
0.999836
0.999840
0.999844
0.999886
0.999900
0.999906
0.999909
0.999912
0.999915
0.999917
0.999920
0.999923
0.999905
0.999910
0.999914
0.999919
0.999923
0.999926
0.999928
0.999931
0.999934
0.999936
0.999939
0.999942
0.999944
0.999946
0.999912
0.999917
0.999922
0.999927
0.999931
0.999926
0.999930
0.999934
0.999938
0.999942
0.999946
0.999949
0.999953
0.999956
0.999959
0.999961
0.999964
0.999967
0.999969
0.999971
0.999911
0.999873
0.999772
0.999785
0.999800
0.999812
0.999823
0.999835
0.999841
0.999847
0.999855
0.999862
0.999869
0.999875
0.999882
0.999888
0.999894
0.999900
0.999906
0.999911
0.999917
0.999922
0.999927
0.999932
0.999936
0.999941
0.999945
0.999949
0.999953
0.999957
0.999960
0.999964
0.999967
0.999968
0.999969
0.999970
0.999971
0.999973
0.999974
0.999974
0.999975
0.999976
0.999977
0.999978
0.999979
0.999979
0.999980
0.999981
0.999981
0.999982
0.999982
0.999983
0.999964
0.999965
0.999966
0.999967
0.999968
0.999968
0.999969
0.999970
0.999971
0.999971
0.999972
0.999973
0.999974
0.999957
0.999959
0.999961
0.999963
0.999964
0.999966
0.999968
0.999970
0.999971
0.999923
0.999928
0.999933
0.999938
0.999943
0.999947
0.999933
0.999938
0.999944
0.999949
0.999953
0.999958
0.999962
0.999965
0.999969
0.999931
0.999934
0.999936
0.999939
0.999941
0.999944
0.999872
0.999878
0.999919
0.999924
0.999928
0.999930
0.999932
0.999933
0.999922
0.999924
0.999954
0.999956
0.999958
0.999961
0.999963
0.999965
0.999967
0.999969
0.999970
0.999943
0.999946
0.999948
0.999950
0.999953
0.999955
0.999957
0.999958
0.999960
0.999962
0.999963
0.999965
0.999967
0.999968
0.999969
0.999971
0.999973
0.999973
0.999975
0.999977
0.999977
0.999978
0.999980
0.999980
0.999982
0.999983
0.999983
0.999984
0.999984
0.999986
0.999986
0.999987
0.999987
0.999988
0.999995
0.999995
0.999996
0.999996
0.999996
0.999996
0.999996
0.999996
0.999990
0.999991
0.999992
0.999955
0.999959
0.999962
0.999965
0.999967
0.999968
0.999969
0.999970
0.999946
0.999948
0.999952
0.999956
0.999960
0.999964
0.999965
0.999967
0.999969
0.999970
0.999972
0.999973
0.999975
0.999976
0.999978
0.999979
0.999980
0.999981
0.999971
0.999973
0.999974
0.999975
0.999977
0.999978
0.999980
0.999981
0.999982
0.999983
0.999985
0.999986
0.999987
0.999988
0.999989
0.999990
0.999991
0.999991
0.999992
0.999962
0.999966
0.999969
0.999971
0.999972
0.999974
0.999975
0.999977
0.999978
0.999979
0.999981
0.999982
0.999983
0.999984
0.999986
0.999987
0.999988
0.999989
0.999990
0.999991
0.999991
0.999992
0.999993
0.999994
0.999994
0.999995
0.999996
0.999996
0.999997
0.999997
0.999997
0.999998
0.999998
0.999998
0.999999
0.999999
0.999999
0.999999
0.999999
0.999999
0.999999
0.999999
0.999999
0.999999
0.999998
0.999998
0.999998
0.999997
0.999998
0.999994
0.999995
0.999995
0.999996
0.999996
0.999997
0.999997
0.999998
0.999998
0.999998
0.999998
0.999999
0.999999
0.999999
0.999999
0.999999
0.999999
0.999999
0.999998
0.999998
0.999998
0.999998
0.999997
