velocity0 = [0.217485
0.203147
0.203073
0.203832
0.204314
0.204295
0.204795
0.204758
0.205388
0.205870
0.206000
0.205907
0.206222
0.206296
0.206759
0.207037
0.207296
0.207556
0.211650
0.207778
0.208019
0.208278
0.208167
0.208260
0.208334
0.208223
0.208500
0.208760
0.208649
0.208945
0.206704
0.209241
0.209482
0.209390
0.209668
0.209612
0.209853
0.207500
0.205629
0.206500
0.206648
0.207130
0.207611
0.207741
0.208056
0.208519
0.208612
0.209075
0.206555
0.201776
0.209464
0.209927
0.210353
0.210390
0.186363
0.208519
0.203350
0.203814
0.204258
0.195848
0.196329
0.196959
0.197404
0.197941
0.198367
0.198349
0.207630
0.199182
0.199349
0.199460
0.199368
0.206407
0.200516
0.207519
0.200720
0.207167
0.206370
0.207074
0.201906
0.206129
0.210835
0.210909
0.211335
0.211372
0.211427
0.211835
0.211854
0.212280
0.206648
0.211891
0.212298
0.212743
0.207333
0.207407
0.207426
0.208186
0.208241
0.208260
0.208815
0.202702
0.203110
0.203462
0.204981
0.210112
0.210464
0.210501
0.210520
0.210520
0.210520
0.210501
0.210168
0.215781
0.215781
0.215818
0.215799
0.215799
0.215818
0.215818
0.215818
0.215818
0.215818
0.215818
0.215855
0.216188
0.216559
0.216948
0.208000
0.216948
0.211816
0.216966
0.216929
0.210020
0.216948
0.216929
0.216929
0.216929
0.216948
0.216948
0.216929
0.208204
0.216911
0.216948
0.216948
0.216911
0.216911
0.216948
0.213484
0.208000
0.216911
0.216596
0.216948
0.216948
0.216929
0.216948
0.208204
0.216929
0.216577
0.207834
0.208186
0.216188
0.216170
0.208167
0.216188
0.216170
0.213243
0.215818
0.208148
0.215799
0.215429
0.215799
0.215799
0.216188
0.216170
0.216170
0.216188
0.213261
0.210557
0.216188
0.216188
0.208186
0.216170
0.216188
0.216188
0.216170
0.216207
0.216207
0.216188
0.216207
0.216207
0.216188
0.216225
0.216207
0.216207
0.216225
0.216188
0.216225
0.216225
0.216577
0.216596
0.216948
0.216929
0.216966
0.216966
0.216929
0.216966
0.216966
0.216929
0.216966
0.216948
0.216966
0.212576
0.216781
0.213317
0.217133
0.217152
0.217115
0.217152
0.217152
0.202739
0.216948
0.216948
0.216948
0.216948
0.216966
0.216929
0.216948
0.216966
0.216948
0.216929
0.216966
0.216966
0.216948
0.216948
0.216966
0.216966
0.216929
0.216966
0.216948
0.211502
0.216966
0.216966
0.216966
0.217115
0.217152
0.217152
0.217152
0.217133
0.217133
0.217152
0.217152
0.217152
0.217133
0.217133
0.217170
0.217133
0.217152
0.217133
0.217133
0.217170
0.217133
0.217152
0.217152
0.217152
0.217133
0.217152
0.213502
0.216966
0.211854
0.216966
0.216966
0.216966
0.216966
0.216966
0.216966
0.216966
0.216966
0.216966
0.216966
0.216929
0.216966
0.216966
0.216966
0.216966
0.216966
0.216966
0.216966
0.217170
0.217133
0.217152
0.217152
0.217133
0.217152
0.213502
0.216966
0.216966
0.216966
0.216966
0.216966
0.216966
0.216966
0.216966
0.216948
0.216966
0.216966
0.216966
0.216966
0.216966
0.216966
0.216966
0.216966
0.216939
0.216966
0.216966
0.217170
0.217133
0.217142
0.217152
0.212048
0.217142
0.217152
0.217142
0.217133
0.217142
0.217161
0.217133
0.217152
0.217152
0.217133
0.217152
0.217142
0.217152
0.217142
0.217152
0.207852
0.217133
0.217142
0.217142
0.217133
0.217142
0.217142
0.217152
0.217133
0.217142
0.217142
0.217152
0.217133
0.217142
0.217142
0.217152
0.217133
0.217152
0.212400
0.217142
0.217133
0.217142
0.217142
0.217133
0.217142
0.208213
0.217133
0.207667
0.216966
0.216957
0.216966
0.216957
0.216966
0.216948
0.216966
0.216957
0.216966
0.216966
0.216957
0.216966
0.216948
0.216966
0.216966
0.216966
0.216966
0.216957
0.216966
0.216966
0.216966
0.216957
0.216966
0.216966
0.216966
0.216966
0.216948
0.216966
0.216957
0.207676
0.216957
0.216957
0.216948
0.213669
0.216587
0.216587
0.216948
0.216948
0.216948
0.216957
0.216957
0.216939
0.207658
0.216568
0.216559
0.216568
0.216577
0.216568
0.216568
0.216587
0.216568
0.216587
0.216568
0.207843
0.216568
0.207658
0.216596
0.216568
0.216957
0.216957
0.216939
0.216957
0.217133
0.216957
0.216957
0.208204
0.216957
0.216957
0.216939
0.216957
0.216948
0.216948
0.216948
0.208213
0.216587
0.216939
0.216939
0.216948
0.216948
0.216948
0.216939
0.216939
0.216948
0.208195
0.216559
0.216568
0.216559
0.216577
0.216568
0.216568
0.216577
0.216568
0.216587
0.216568
0.216587
0.216939
0.216939
0.216948
0.216939
0.216957
0.216948
0.216948
0.216939
0.216957
0.216939
0.216957
0.216939
0.216957
0.216948
0.216948
0.216966
0.216948
0.216957
0.216939
0.216957
0.216957
0.216948
0.216957
0.216957
0.216948
0.216966
0.216957
0.216957
0.216948
0.216957
0.207482
0.216966
0.202924
0.208037
0.207111
0.207472
0.208158
0.208121
0.208426
0.208380
0.208306
0.208954
0.208862
0.208797
0.214382
0.208399
0.213595
0.213632
0.214021
0.214401
0.214438
0.214447
0.214466
0.214503
0.214503
0.214892
0.214919
0.214919
0.214947
0.214966
0.214966
0.206426
0.215160
0.215531
0.215540
0.215559
0.215568
0.215586
0.215614
0.215623
0.215633
0.215642
0.215660
0.215660
0.215670
0.216040
0.216049
0.216049
0.216059
0.216059
0.210983
0.216077
0.210983
0.216253
0.216272
0.207537
0.216244
0.216624
0.213336
0.216253
0.216244
0.216253
0.216272
0.216633
0.216633
0.216633
0.216642
0.216642
0.216652
0.212817
0.216633
0.211353
0.216448
0.216457
0.208065
0.216059
0.216077
0.216068
0.216077
0.216087
0.216096
0.216096
0.207556
0.199182
0.216077
0.216466
0.216457
0.216476
0.216466
0.216466
0.216485
0.207574
0.216503
0.216494
0.216513
0.216503
0.216522
0.216513
0.216522
0.216522
0.216531
0.216522
0.216540
0.216522
0.216540
0.207797
0.216540
0.216550
0.216550
0.216559
0.213095
0.216559
0.216559
0.216577
0.216550
0.216568
0.216568
0.216568
0.216577
0.216568
0.216568
0.216587
0.216568
0.216587
0.216587
0.207991
0.207269
0.208538
0.216170
0.215799
0.216179
0.216179
0.216179
0.216550
0.216550
0.216735
0.216744
0.216726
0.216744
0.216744
0.216744
0.216744
0.216753
0.216735
0.216763
0.216753
0.216744
0.216763
0.216753
0.216763
0.216753
0.216763
0.216763
0.216763
0.216753
0.216772
0.216763
0.216772
0.217133
0.217124
0.217142
0.217124
0.217124
0.217142
0.217133
0.217133
0.217133
0.217133
0.217133
0.217133
0.217142
0.217124
0.217142
0.217133
0.217133
0.217133
0.217142
0.212391
0.217124
0.217133
0.217124
0.217133
0.217124
0.217129
0.217133
0.217124
0.217138
0.217129
0.217133
0.217133
0.213484
0.216939
0.216957
0.216953
0.216948
0.216948
0.216953
0.216957
0.216953
0.208204
0.216573
0.216564
0.216573
0.216577
0.216568
0.207834
0.216587
0.216582
0.216582
0.216587
0.216582
0.216767
0.216772
0.216767
0.208218
0.216948
0.216953
0.216948
0.216948
0.216953
0.207662
0.216573
0.211113
0.216587
0.216577
0.216948
0.216948
0.216948
0.213493
0.216948
0.213123
0.216962
0.216953
0.216962
0.216953
0.216962
0.216953
0.216962
0.216962
0.212215
0.216957
0.216953
0.216953
0.216962
0.216953
0.216957
0.216953
0.216962
0.216953
0.216953
0.216962
0.216953
0.216962
0.216953
0.216962
0.216962
0.216953
0.216962
0.216953
0.216962
0.216957
0.216962
0.216953
0.216962
0.216962
0.216957
0.216962
0.216962
0.216957
0.216962
0.216962
0.216957
0.216962
0.207495
0.216966
0.216966
0.216966
0.216957
0.216966
0.216962
0.216966
0.208218
0.216957
0.216966
0.208389
0.216772
0.216767
0.216767
0.217133
0.217142
0.217133
0.217133
0.207852
0.217124
0.216777
0.216777
0.216767
0.216777
0.217138
0.217138
0.217133
0.217147
0.217138
0.217142
0.217142
0.217142
0.217142
0.217142
0.217142
0.217142
0.213678
0.217142
0.217142
0.217142
0.217142
0.217142
0.217142
0.217142
0.217142
0.217142
0.217142
0.217142
0.217147
0.217142
0.217147
0.217142
0.217147
0.217147
0.217142
0.208403
0.216777
0.216772
0.217142
0.217138
0.217138
0.217142
0.217142
0.217138
0.217142
0.217138
0.217142
0.217142
0.217142
0.217138
0.217147
0.217142
0.217142
0.217142
0.217142
0.217142
0.217147
0.217147
0.217142
0.217147
0.217147
0.217142
0.217142
0.217142
0.217147
0.217147
0.217142
0.217152
0.217142
0.217145
0.217145
0.217145
0.217147
0.217145
0.217145
0.217149
0.217145
0.217142
0.217147
0.217147
0.217142
0.217149
0.217149
0.217145
0.208396
0.217145
0.217145
0.217147
0.217147
0.217147
0.217142
0.217147
0.217149
0.217145
0.217147
0.217145
0.217149
0.217147
0.217147
0.217145
0.217145
0.217149
0.217149
0.217145
0.217145
0.217149
0.217145
