cohesion0 = [0.937708
0.937720
0.937850
0.937912
0.937636
0.936771
0.935752
0.934427
0.932720
0.931037
0.930033
0.929308
0.928975
0.928754
0.928172
0.927534
0.927629
0.927907
0.928307
0.928617
0.929831
0.931365
0.933181
];
