cohesion1 = [0.555034
0.558230
0.561449
0.564552
0.567768
0.570929
0.574260
0.577326
0.580810
0.584349
0.587846
0.591524
0.595515
0.599361
0.603054
0.607069
0.611074
0.614718
0.618552
0.622384
0.626348
0.630239
0.634474
];
