overall0 = [0.765169
0.762339
0.753835
0.752410
0.754088
0.762254
0.770189
0.776442
0.782636
0.785538
0.780355
0.787321
0.789728
0.789592
0.798786
0.795928
0.802264
0.810080
0.817090
0.819972
0.820966
0.821613
0.821574
];
