orientation0 = [0.999259
0.999129
0.999620
0.999645
0.998142
0.995532
0.992702
0.988239
0.985884
0.984652
0.991035
0.994468
0.996865
0.998977
0.999600
0.999562
0.998534
0.997216
0.995513
0.991682
0.989401
0.985982
0.982485
];
