instant0 = [0.765169
0.759510
0.736826
0.748136
0.760801
0.803083
0.817801
0.820213
0.832188
0.811657
0.728521
0.863942
0.818611
0.787833
0.927503
0.753050
0.903644
0.942946
0.943270
0.874737
0.840839
0.835205
0.820715
];
