velocity0 = [0.816604
0.810659
0.785952
0.797945
0.812914
0.861137
0.880376
0.888218
0.904991
0.885366
0.790413
0.934833
0.883970
0.849137
0.999679
0.812239
0.975573
1.019045
1.020698
0.949879
0.913980
0.909503
0.895160
];
