orientation1 = [0.332817
0.334245
0.338531
0.335114
0.332857
0.332940
0.333420
0.333312
0.334203
0.336553
0.342295
0.346776
0.344627
0.344927
0.341114
0.339815
0.339569
0.334842
0.333514
0.333921
0.335836
0.336519
0.338637
];
