overall1 = [0.736469
0.741990
0.738280
0.740719
0.737894
0.733350
0.728334
0.722424
0.721150
0.719901
0.718481
0.714279
0.709045
0.704194
0.694954
0.690119
0.690121
0.692893
0.698034
0.705163
0.710867
0.716048
0.720613
0.719979
0.707772
0.687550
0.666746
0.644357
0.624623
0.605509
0.590776
0.576825
0.564626
0.557306
0.551119
0.546454
0.542146
0.536321
0.530767
0.527631
0.526217
0.521311
0.515719
0.510532
0.507253
0.505613
0.505578
0.507828
0.510912
0.513782
0.517708
0.521349
0.525929
0.530481
0.535291
0.539237
0.543096
0.545597
0.547380
0.548210
0.549801
0.551416
];
