orientation1 = [0.996650
0.995453
0.994506
0.996779
0.991260
0.991203
0.988384
0.995959
0.995740
0.993736
0.989411
0.984291
0.975554
0.977241
0.966717
0.985095
0.990600
0.981625
0.992268
0.995934
0.997431
0.997051
0.996719
0.976318
0.885787
0.784665
0.701472
0.664788
0.642870
0.569111
0.565991
0.722891
0.794800
0.854175
0.889197
0.897473
0.931068
0.840809
0.817964
0.891210
0.944165
0.854537
0.731660
0.775012
0.826985
0.925640
0.968905
0.983979
0.989707
0.991331
0.997266
0.998943
0.997733
0.997357
0.997473
0.996483
0.998982
0.981931
0.960463
0.958943
0.973140
0.962375
];
