instant1 = [0.736469
0.747512
0.730858
0.748038
0.726592
0.710634
0.698238
0.681049
0.710965
0.708659
0.704276
0.668056
0.646241
0.641124
0.565592
0.617606
0.690144
0.740021
0.790569
0.840622
0.824939
0.824847
0.821038
0.705415
0.414798
0.181989
0.125846
0.039871
0.072073
0.051193
0.148796
0.144341
0.174247
0.315757
0.340752
0.383177
0.387061
0.320804
0.319710
0.405339
0.469622
0.320179
0.280879
0.287488
0.362952
0.431818
0.503987
0.613582
0.658913
0.654429
0.713985
0.707033
0.764114
0.771750
0.795038
0.756239
0.759209
0.688124
0.650837
0.597186
0.645223
0.649968
];
