cohesion1 = [0.891543
0.889162
0.886859
0.885503
0.886229
0.888299
0.889908
0.889608
0.889843
0.891841
0.893936
0.897061
0.900747
0.904855
0.908085
0.910936
0.912447
0.911433
0.908966
0.906905
0.905254
0.903852
0.902043
0.901448
0.902551
0.907214
0.908148
0.907900
0.906003
0.901108
0.890848
0.884168
0.880076
0.874777
0.871086
0.867406
0.865316
0.864184
0.865140
0.868797
0.870987
0.871602
0.872417
0.871780
0.868204
0.865980
0.865093
0.865268
0.865707
0.866938
0.867755
0.868651
0.868845
0.868590
0.868223
0.868585
0.868946
0.870629
0.872583
0.872978
0.871406
0.869113
];
