cohesion0 = [0.892130
0.889785
0.886227
0.884169
0.884560
0.887473
0.890734
0.891992
0.891880
0.892293
0.894730
0.898624
0.902946
0.905692
0.908170
0.912695
0.914356
0.912632
0.910878
0.908547
0.906791
0.905235
0.904327
0.904933
0.904919
0.907282
0.906501
0.906669
0.901977
0.893253
0.884227
0.876507
0.870372
0.865823
0.860392
0.854986
0.851478
0.849942
0.851623
0.854907
0.859025
0.862352
0.864170
0.866175
0.868200
0.869309
0.871560
0.873208
0.873543
0.874612
0.874066
0.873337
0.872471
0.872615
0.871527
0.870703
0.869782
0.870113
0.869419
0.868708
0.868793
0.869972
];
