overall0 = [0.725907
0.730753
0.741841
0.745490
0.746685
0.746099
0.739865
0.731351
0.726026
0.717933
0.715893
0.714918
0.710806
0.703356
0.692553
0.690682
0.693864
0.698478
0.705292
0.711577
0.717028
0.722132
0.727289
0.727587
0.714220
0.694310
0.674677
0.651172
0.628718
0.608715
0.589582
0.571653
0.554906
0.539641
0.525635
0.514621
0.506319
0.498643
0.491333
0.485829
0.482969
0.478068
0.472690
0.467702
0.464100
0.463754
0.464712
0.468075
0.473150
0.477868
0.483525
0.489138
0.494645
0.499749
0.505276
0.510557
0.515880
0.520480
0.525536
0.530186
0.534267
0.535625
];
