orientation0 = [0.998533
0.988245
0.992883
0.997902
0.992728
0.980047
0.989485
0.981257
0.987525
0.993354
0.983987
0.979234
0.979309
0.968199
0.964293
0.980916
0.998011
0.999934
0.998695
0.997821
0.998236
0.997735
0.999544
0.985646
0.915249
0.918429
0.871536
0.818720
0.810479
0.725850
0.646996
0.721489
0.597272
0.590097
0.516378
0.587411
0.695976
0.743912
0.822743
0.871585
0.910757
0.852464
0.765617
0.772029
0.860400
0.927506
0.970340
0.984099
0.990220
0.992707
0.994403
0.994920
0.996019
0.996852
0.996694
0.997165
0.996581
0.997108
0.997074
0.995302
0.995106
0.979233
];
