velocity0 = [0.814873
0.836550
0.868281
0.857331
0.855758
0.854445
0.797017
0.767473
0.775960
0.727794
0.789976
0.800247
0.748045
0.691662
0.618104
0.740133
0.816160
0.851336
0.910140
0.916641
0.912562
0.918210
0.930133
0.823403
0.474995
0.235908
0.207859
0.022291
0.000000
0.044146
0.027268
0.025049
0.036531
0.070317
0.111239
0.257141
0.350044
0.339433
0.304814
0.363895
0.471103
0.376992
0.373021
0.378680
0.409151
0.555821
0.601627
0.728649
0.828606
0.816629
0.881742
0.892423
0.898724
0.885461
0.925296
0.922593
0.938990
0.902122
0.944548
0.930480
0.901228
0.725945
];
