velocity1 = [0.828838
0.844532
0.828650
0.847490
0.827098
0.807094
0.793840
0.768666
0.802396
0.799612
0.796269
0.756602
0.735428
0.725039
0.644284
0.688250
0.763543
0.827130
0.876523
0.930697
0.913625
0.915290
0.913194
0.801516
0.518843
0.255653
0.197547
0.066059
0.123742
0.099824
0.295106
0.225830
0.249108
0.422580
0.439926
0.492216
0.480422
0.441506
0.451789
0.523505
0.571069
0.429876
0.440033
0.425504
0.505511
0.538704
0.601278
0.720670
0.769044
0.761474
0.825052
0.814805
0.881458
0.890864
0.918028
0.873730
0.874603
0.804920
0.776577
0.713367
0.760876
0.777090
];
