instant0 = [0.725907
0.735600
0.764017
0.756436
0.751465
0.743167
0.702466
0.671750
0.683430
0.645090
0.695497
0.704188
0.661469
0.606511
0.541300
0.662625
0.744776
0.776905
0.827945
0.830998
0.826042
0.829314
0.840760
0.734430
0.393403
0.196576
0.164219
0.016547
0.000000
0.028623
0.015600
0.015841
0.018990
0.035927
0.049422
0.129143
0.207439
0.214617
0.213573
0.271147
0.368574
0.277136
0.246800
0.253228
0.305635
0.448152
0.508802
0.626145
0.716744
0.709025
0.766387
0.775427
0.780989
0.770235
0.803755
0.801027
0.813924
0.782678
0.818805
0.804518
0.779148
0.618437
];
